5	100	1692408823
8	100	1692408823
15	200	1692408823
16	330	1692408823
19	100	1692408823
23	100	1692408823
24	1800	1692408823
25	100	1692408823
27	100	1692408823
37	380	1692408823
38	100	1692408823
40	100	1692408823
41	100	1692408823
46	100	1692408823
49	100	1692408823
51	550	1692408823
52	100	1692408823
53	5600	1692408823
55	400	1692408823
59	150	1692408823
61	100	1692408823
69	100	1692408823
71	890	1692408823
73	400	1692408823
76	1900	1692408823
79	100	1692408823
80	9500	1692408823
81	100	1692408823
82	100	1692408823
86	490	1692408823
88	200	1692408823
98	800	1692408823
100	20000	1692408823
101	10000	1692408823
103	2300	1692408823
104	14000	1692408823
105	15000	1692408823
107	100	1692408823
110	750	1692408823
117	100	1692408823
118	100	1692408823
119	100	1692408823
120	100	1692408823
121	100	1692408823
122	100	1692408823
124	100	1692408823
125	210	1692408823
126	340	1692408823
130	200	1692408823
131	100	1692408823
135	200	1692408823
136	100	1692408823
138	500	1692408823
140	1000	1692408823
142	100	1692408823
143	700	1692408823
144	150	1692408823
157	800	1692408823
158	100	1692408823
160	100	1692408823
161	100	1692408823
163	100	1692408823
164	100	1692408823
169	100	1692408823
170	100	1692408823
172	100	1692408823
174	200	1692408823
176	5100	1692408823
179	100	1692408823
181	100	1692408823
182	100	1692408823
183	100	1692408823
184	250	1692408823
185	300	1692408823
186	100	1692408823
187	100	1692408823
188	100	1692408823
194	62000000	1692408823
196	1700	1692408823
199	150	1692408823
203	100	1692408823
204	160	1692408823
205	190	1692408823
206	270	1692408823
209	100	1692408823
210	100	1692408823
211	100	1692408823
212	100	1692408823
213	160	1692408823
214	400	1692408823
215	3000	1692408823
217	3000	1692408823
218	150	1692408823
219	100	1692408823
220	100	1692408823
224	100	1692408823
226	670	1692408823
231	100	1692408823
233	100	1692408823
234	110	1692408823
236	800	1692408823
237	100	1692408823
238	100	1692408823
239	160	1692408823
242	100	1692408823
243	100	1692408823
245	100	1692408823
246	100	1692408823
247	100	1692408823
248	180	1692408823
250	130	1692408823
251	330	1692408823
252	120	1692408823
253	100	1692408823
254	100	1692408823
255	330	1692408823
256	240	1692408823
257	270	1692408823
258	2000	1692408823
260	100	1692408823
264	100	1692408823
266	100	1692408823
267	100	1692408823
271	250	1692408823
272	250	1692408823
273	890	1692408823
276	10000	1692408823
277	300	1692408823
279	300	1692408823
280	190	1692408823
287	25000	1692408823
289	28000	1692408823
290	25000	1692408823
293	100	1692408823
295	150	1692408823
296	100	1692408823
299	100	1692408823
300	100	1692408823
302	750	1692408823
304	110	1692408823
307	100	1692408823
308	130	1692408823
310	130	1692408823
313	3500	1692408823
314	110	1692408823
316	300	1692408823
319	300	1692408823
320	720	1692408823
322	100	1692408823
324	170	1692408823
325	170	1692408823
326	170	1692408823
327	900	1692408823
328	100	1692408823
330	2000	1692408823
331	800	1692408823
332	100	1692408823
333	210	1692408823
334	130	1692408823
335	600	1692408823
338	500	1692408823
340	260	1692408823
341	170	1692408823
345	100	1692408823
346	690	1692408823
347	100	1692408823
348	180	1692408823
349	130	1692408823
350	100	1692408823
355	220	1692408823
356	220	1692408823
357	130	1692408823
358	840	1692408823
360	180	1692408823
361	180	1692408823
362	180	1692408823
363	100	1692408823
364	100	1692408823
365	100	1692408823
384	3000	1692408823
385	6000	1692408823
386	4000	1692408823
393	190	1692408823
396	870	1692408823
399	210	1692408823
402	180	1692408823
403	270	1692408823
404	390	1692408823
405	660	1692408823
408	7000	1692408823
412	220	1692408823
413	160	1692408823
414	190	1692408823
418	1600	1692408823
419	200	1692408823
420	100	1692408823
421	100	1692408823
423	200	1692408823
424	150	1692408823
425	350	1692408823
426	1100	1692408823
427	100	1692408823
428	800	1692408823
429	300	1692408823
430	120	1692408823
431	120	1692408823
432	120	1692408823
433	100	1692408823
434	120	1692408823
438	14000	1692408823
440	39000	1692408823
441	1600000	1692408823
443	9900	1692408823
444	19000	1692408823
445	2200	1692408823
448	100	1692408823
449	100	1692408823
452	100	1692408823
455	1300	1692408823
456	1300	1692408823
459	100	1692408823
460	100	1692408823
461	100	1692408823
462	100	1692408823
464	660	1692408823
466	1200	1692408823
468	100	1692408823
470	100	1692408823
471	100	1692408823
472	190	1692408823
474	100	1692408823
476	950	1692408823
478	4700	1692408823
488	100	1692408823
494	230	1692408823
498	450	1692408823
499	450	1692408823
500	10000	1692408823
501	110	1692408823
507	6700	1692408823
508	210	1692408823
510	3200	1692408823
511	7500	1692408823
512	7000	1692408823
513	17000	1692408823
514	15000	1692408823
515	15000	1692408823
519	4000	1692408823
524	110	1692408823
528	250	1692408823
530	100	1692408823
539	4200	1692408823
546	390	1692408823
547	2000	1692408823
548	8000	1692408823
549	210	1692408823
550	110	1692408823
551	2600	1692408823
556	120	1692408823
561	12000	1692408823
563	100	1692408823
564	100	1692408823
566	3000	1692408823
571	17000	1692408823
573	300	1692408823
574	1100	1692408823
578	3800	1692408823
579	250	1692408823
580	3900	1692408823
583	1000	1692408823
584	6200	1692408823
585	1300	1692408823
586	350	1692408823
588	230	1692408823
589	970	1692408823
591	4500	1692408823
592	210	1692408823
593	230	1692408823
594	410	1692408823
595	790	1692408823
596	310	1692408823
597	310	1692408823
599	550	1692408823
604	800	1692408823
611	270	1692408823
614	250	1692408823
615	250	1692408823
617	270	1692408823
618	280	1692408823
620	290	1692408823
621	280	1692408823
622	270	1692408823
623	1400	1692408823
624	3500	1692408823
627	6500	1692408823
628	260	1692408823
629	330	1692408823
635	100	1692408823
638	6200	1692408823
639	100	1692408823
641	100	1692408823
642	100	1692408823
643	130	1692408823
646	100	1692408823
654	100	1692408823
655	100	1692408823
656	200	1692408823
663	1400	1692408823
669	170	1692408823
672	240	1692408823
674	290	1692408823
679	230	1692408823
680	230	1692408823
682	230	1692408823
683	230	1692408823
684	230	1692408823
687	500	1692408823
694	100	1692408823
696	1400	1692408823
700	100	1692408823
704	1000	1692408823
705	1000	1692408823
706	28000	1692408823
708	200	1692408823
711	18000	1692408823
713	850000	1692408823
716	1700	1692408823
724	100	1692408823
741	100	1692408823
749	120	1692408823
752	150	1692408823
753	970	1692408823
755	2900	1692408823
756	200	1692408823
757	230	1692408823
758	150	1692408823
759	450	1692408823
760	150	1692408823
761	8200	1692408823
764	11000	1692408823
767	750	1692408823
776	190	1692408823
780	420	1692408823
786	100	1692408823
787	100	1692408823
788	130	1692408823
789	150	1692408823
793	400	1692408823
794	870	1692408823
797	230	1692408823
798	230	1692408823
799	740	1692408823
801	1000	1692408823
805	700	1692408823
806	1000	1692408823
808	1000	1692408823
809	500	1692408823
812	250	1692408823
814	140	1692408823
815	1000	1692408823
816	220	1692408823
819	650	1692408823
820	310	1692408823
821	160	1692408823
822	200	1692408823
823	120	1692408823
824	450	1692408823
825	390	1692408823
826	150	1692408823
827	170	1692408823
828	150	1692408823
829	100	1692408823
830	150	1692408823
831	270	1692408823
832	600	1692408823
835	180	1692408823
841	140	1692408823
842	120	1692408823
843	130	1692408823
844	110	1692408823
848	150	1692408823
853	27000	1692408823
861	350	1692408823
862	500	1692408823
864	500	1692408823
865	670	1692408823
867	100	1692408823
874	500	1692408823
882	150	1692408823
883	550	1692408823
885	130	1692408823
886	400	1692408823
906	100	1692408823
907	100	1692408823
908	100	1692408823
912	100	1692408823
926	1000	1692408823
931	150	1692408823
932	220	1692408823
933	100	1692408823
934	100	1692408823
952	2700000	1692408823
956	150	1692408823
958	120	1692408823
959	1300	1692408823
960	8100	1692408823
967	2700	1692408823
968	3700	1692408823
971	420	1692408823
973	420	1692408823
976	300	1692408823
980	2000	1692408823
987	1400	1692408823
995	6000	1692408823
998	1000	1692408823
1003	100	1692408823
1004	100	1692408823
1005	100	1692408823
1006	250	1692408823
1007	100	1692408823
1008	100	1692408823
1009	130	1692408823
1012	130	1692408823
1013	130	1692408823
1014	130	1692408823
1016	230	1692408823
1020	550	1692408823
1021	280	1692408823
1022	180	1692408823
1026	100	1692408823
1029	650	1692408823
1036	280	1692408823
1037	920	1692408823
1038	1200	1692408823
1041	1600	1692408823
1053	1200	1692408823
1070	11000	1692408823
1080	300	1692408823
1085	4800	1692408823
1087	29000	1692408823
1089	9700	1692408823
1091	18000	1692408823
1092	11000	1692408823
1094	35000	1692408823
1096	20000	1692408823
1097	44000	1692408823
1098	18000	1692408823
1099	29000	1692408823
1111	30000	1692408823
1112	25000	1692408823
1113	25000	1692408823
1116	150	1692408823
1124	6500	1692408823
1128	4700	1692408823
1135	100	1692408823
1138	25000	1692408823
1139	8900	1692408823
1140	8000	1692408823
1148	100	1692408823
1150	6000000	1692408823
1160	110	1692408823
1161	190	1692408823
1162	250	1692408823
1164	6000	1692408823
1165	28000	1692408823
1252	100	1692408823
1253	150	1692408823
1255	120	1692408823
1256	180	1692408823
1275	280	1692408823
1277	280	1692408823
1282	960	1692408823
1283	1200	1692408823
1298	1000	1692408823
1300	800	1692408823
1301	2700	1692408823
1302	130	1692408823
1327	4100	1692408823
1328	100	1692408823
1331	130	1692408823
1334	100	1692408823
1338	850	1692408823
1342	1200	1692408823
1343	20000	1692408823
1345	840	1692408823
1351	200	1692408823
1359	80000	1692408823
1365	670	1692408823
1366	440	1692408823
1367	1000	1692408823
1368	590	1692408823
1369	100	1692408823
1381	100000	1692408823
1382	75000	1692408823
1384	200	1692408823
1388	10000	1692408823
1395	17000	1692408823
1397	110000	1692408823
1399	31000	1692408823
1404	990000	1692408823
1405	1200000	1692408823
1406	2200	1692408823
1407	1000	1692408823
1408	17000	1692408823
1410	2900	1692408823
1412	120	1692408823
1413	6100	1692408823
1414	130	1692408823
1415	24000	1692408823
1416	7400	1692408823
1417	30000	1692408823
1438	100	1692408823
1439	230	1692408823
1440	250	1692408823
1441	100	1692408823
1442	150	1692408823
1443	140	1692408823
1444	120	1692408823
1445	120	1692408823
1446	120	1692408823
1447	130	1692408823
1448	120	1692408823
1449	120	1692408823
1450	180	1692408823
1451	650	1692408823
1452	630	1692408823
1453	700	1692408823
1454	600	1692408823
1455	650	1692408823
1461	100	1692408823
1462	100	1692408823
1463	100	1692408823
1465	100	1692408823
1467	500	1692408823
1468	240	1692408823
1469	300	1692408823
1470	160	1692408823
1471	120	1692408823
1472	220	1692408823
1473	260	1692408823
1474	300	1692408823
1475	100	1692408823
1476	140	1692408823
1477	180	1692408823
1478	240	1692408823
1479	300	1692408823
1480	100	1692408823
1481	100	1692408823
1483	220	1692408823
1484	280	1692408823
1485	880	1692408823
1490	160	1692408823
1491	220	1692408823
1493	240	1692408823
1494	650	1692408823
1496	44000	1692408823
1497	50000	1692408823
1512	250	1692408823
1514	200	1692408823
1515	150	1692408823
1530	10000	1692408823
1548	4000	1692408823
1549	1000	1692408823
1551	840	1692408823
1552	480	1692408823
1553	780	1692408823
1554	780	1692408823
1556	470	1692408823
1557	520	1692408823
1558	140	1692408823
1559	220	1692408823
1560	1500	1692408823
1561	400	1692408823
1562	990	1692408823
1564	900	1692408823
1565	260	1692408823
1566	260	1692408823
1567	260	1692408823
1568	260	1692408823
1570	260	1692408823
1571	3500	1692408823
1575	3000	1692408823
1576	1300	1692408823
1577	320	1692408823
1578	320	1692408823
1579	990	1692408823
1580	320	1692408823
1581	2000	1692408823
1582	1300	1692408823
1583	2000	1692408823
1584	3200	1692408823
1585	3500	1692408823
1586	1500	1692408823
1587	200	1692408823
1588	1300	1692408823
1590	3100	1692408823
1591	1100	1692408823
1592	290	1692408823
1593	4000	1692408823
1594	4000	1692408823
1595	4000	1692408823
1596	4000	1692408823
1607	100	1692408823
1608	400	1692408823
1609	100	1692408823
1610	790	1692408823
1611	650	1692408823
1612	220	1692408823
1615	37000	1692408823
1617	14000	1692408823
1618	69000	1692408823
1619	14000	1692408823
1622	6000	1692408823
1624	5700	1692408823
1625	600	1692408823
1626	970	1692408823
1628	5700	1692408823
1635	1900	1692408823
1637	450	1692408823
1638	450	1692408823
1639	1900	1692408823
1640	2900	1692408823
1641	4700	1692408823
1646	6300	1692408823
1648	5500	1692408823
1650	1600	1692408823
1652	110	1692408823
1658	100	1692408823
1659	100	1692408823
1660	100	1692408823
1673	100	1692408823
1692	100	1692408823
1693	100	1692408823
1694	400	1692408823
1695	100	1692408823
1700	170	1692408823
1701	170	1692408823
1702	100	1692408823
1704	320	1692408823
1705	100	1692408823
1710	1900	1692408823
1721	2400	1692408823
1730	9000	1692408823
1732	60000	1692408823
1734	40000	1692408823
1735	7600	1692408823
1736	5000	1692408823
1745	3700	1692408823
1746	1700	1692408823
1774	130	1692408823
1775	100	1692408823
1779	130	1692408823
1780	240	1692408823
1784	240	1692408823
1787	5500	1692408823
1791	110	1692408823
1793	130	1692408823
1794	100	1692408823
1798	990	1692408823
1830	100	1692408823
1841	100	1692408823
1851	150	1692408823
1865	500	1692408823
1867	100	1692408823
1871	100	1692408823
1884	500	1692408823
1892	100	1692408823
1898	100	1692408823
1900	250	1692408823
1901	230	1692408823
1902	250	1692408823
1903	250	1692408823
1904	250	1692408823
1905	220	1692408823
1906	130	1692408823
1907	130	1692408823
1910	4700	1692408823
1917	700	1692408823
1922	100	1692408823
1923	100	1692408823
1943	400	1692408823
1944	400	1692408823
1946	400	1692408823
1947	1900	1692408823
1954	4500	1692408823
1956	130	1692408823
1957	150	1692408823
1958	130	1692408823
1959	4000	1692408823
1960	4500	1692408823
1961	780	1692408823
1962	100	1692408823
1965	110	1692408823
1998	15000	1692408823
1999	600	1692408823
2001	2300	1692408823
2004	790	1692408823
2013	920	1692408823
2019	100	1692408823
2020	160	1692408823
2022	110	1692408823
2024	2700	1692408823
2027	1700	1692408823
2032	390	1692408823
2033	990	1692408823
2043	990	1692408823
2045	170	1692408823
2046	600	1692408823
2047	170	1692408823
2049	170	1692408823
2056	150	1692408823
2058	960	1692408823
2061	600	1692408823
2063	140	1692408823
2065	470	1692408823
2066	510	1692408823
2067	300	1692408823
2069	440	1692408823
2070	990	1692408823
2080	2200	1692408823
2086	7300	1692408823
2089	7000	1692408823
2091	1000000	1692408823
2092	200	1692408823
2110	300	1692408823
2120	4000	1692408823
2121	160	1692408823
2125	7800	1692408823
2126	250	1692408823
2151	130	1692408823
2170	5000	1692408823
2193	100	1692408823
2194	1200	1692408823
2195	3000	1692408823
2200	3000	1692408823
2211	1600000	1692408823
2218	2500	1692408823
2220	840	1692408823
2233	15000	1692408823
2241	600	1692408823
2242	310	1692408823
2249	100	1692408823
2255	92000	1692408823
2262	3600	1692408823
2263	3000	1692408823
2264	130	1692408823
2265	9900	1692408823
2271	100	1692408823
2272	210	1692408823
2273	200	1692408823
2274	670	1692408823
2275	120	1692408823
2276	100	1692408823
2284	100	1692408823
2304	300	1692408823
2305	2000	1692408823
2306	100	1692408823
2307	100	1692408823
2308	100	1692408823
2309	1500	1692408823
2327	930	1692408823
2328	2700	1692408823
2337	390	1692408823
2338	150	1692408823
2339	100	1692408823
2340	420	1692408823
2341	3600	1692408823
2342	100	1692408823
2343	100	1692408823
2348	300	1692408823
2349	400	1692408823
2350	300	1692408823
2353	450	1692408823
2354	100	1692408823
2355	170	1692408823
2361	380	1692408823
2365	1300	1692408823
2366	1900	1692408823
2367	200	1692408823
2369	170	1692408823
2370	390	1692408823
2373	1300	1692408823
2374	100	1692408823
2377	1900	1692408823
2379	2700	1692408823
2386	590	1692408823
2389	300	1692408823
2390	1300	1692408823
2391	2000	1692408823
2392	320000	1692408823
2395	2000	1692408823
2400	300	1692408823
2401	500	1692408823
2402	430	1692408823
2419	14000	1692408823
2420	9000	1692408823
2421	4200	1692408823
2422	43000	1692408823
2423	30000	1692408823
2424	37000	1692408823
2425	15000	1692408823
2427	18000	1692408823
2429	400	1692408823
2430	54000	1692408823
2433	14000	1692408823
2434	24000	1692408823
2435	30000	1692408823
2438	1000	1692408823
2444	360	1692408823
2467	680	1692408823
2474	100	1692408823
2475	970	1692408823
2476	120	1692408823
2483	490	1692408823
2485	920	1692408823
2487	250	1692408823
2489	3500	1692408823
2492	100	1692408823
2503	1900	1692408823
2504	1000	1692408823
2505	4300	1692408823
2508	150	1692408823
2509	150	1692408823
2511	2300	1692408823
2512	350	1692408823
2519	1400	1692408823
2520	1100	1692408823
2523	300	1692408823
2524	110	1692408823
2527	7500	1692408823
2528	1500	1692408823
2531	7100	1692408823
2532	270	1692408823
2534	4000	1692408823
2535	7200	1692408823
2536	600	1692408823
2537	1800	1692408823
2538	150	1692408823
2539	1200	1692408823
2540	1800	1692408823
2543	200	1692408823
2544	9100	1692408823
2545	200	1692408823
2546	2200	1692408823
2562	100	1692408823
2569	170	1692408823
2573	500	1692408823
2574	150	1692408823
2576	230	1692408823
2579	100	1692408823
2581	100	1692408823
2582	500	1692408823
2585	270	1692408823
2586	270	1692408823
2588	270	1692408823
2590	7500	1692408823
2591	3300	1692408823
2592	20000	1692408823
2593	4900	1692408823
2594	7800	1692408823
2596	300	1692408823
2597	2400	1692408823
2600	230	1692408823
2605	100	1692408823
2606	170	1692408823
2610	950	1692408823
2611	1300	1692408823
2612	100	1692408823
2613	150	1692408823
2614	8000	1692408823
2616	120	1692408823
2617	1000	1692408823
2619	1500	1692408823
2620	210	1692408823
2628	1300	1692408823
2631	150	1692408823
2633	940	1692408823
2634	390	1692408823
2635	340	1692408823
2637	900	1692408823
2638	2200	1692408823
2639	100	1692408823
2640	690	1692408823
2643	600	1692408823
2644	110	1692408823
2645	110	1692408823
2646	110	1692408823
2647	110	1692408823
2648	110	1692408823
2654	8900	1692408823
2655	3100	1692408823
2657	370	1692408823
2660	32000	1692408823
2665	1200	1692408823
2667	2600	1692408823
2671	290	1692408823
2672	1000	1692408823
2677	500	1692408823
2680	300	1692408823
2681	300	1692408823
2684	150	1692408823
2690	14000	1692408823
2691	890	1692408823
2692	1300	1692408823
2695	440	1692408823
2705	1100	1692408823
2706	1100	1692408823
2707	1400	1692408823
2708	450	1692408823
2710	150	1692408823
2711	300	1692408823
2713	300	1692408823
2716	3000	1692408823
2724	300	1692408823
2725	890	1692408823
2727	300	1692408823
2729	300	1692408823
2730	350	1692408823
2731	350	1692408823
2732	350	1692408823
2733	130	1692408823
2734	110	1692408823
2739	570	1692408823
2741	1600	1692408823
2745	250	1692408823
2746	500	1692408823
2747	250000	1692408823
2766	10000	1692408823
2767	160	1692408823
2769	260	1692408823
2770	2000	1692408823
2771	740	1692408823
2772	5000	1692408823
2773	5000	1692408823
2774	9000	1692408823
2775	5000	1692408823
2776	5000	1692408823
2777	50000	1692408823
2786	11000	1692408823
2791	87000	1692408823
2798	9700	1692408823
2799	6000	1692408823
2800	9900	1692408823
2804	500	1692408823
2806	1000	1692408823
2809	1700	1692408823
2810	1200	1692408823
2811	1200	1692408823
2812	6900	1692408823
2832	59000	1692408823
2833	5500	1692408823
2840	130	1692408823
2841	100	1692408823
2842	130	1692408823
2847	84000000	1692408823
2850	100	1692408823
2857	200	1692408823
2864	400	1692408823
2870	300	1692408823
2879	550	1692408823
2884	770	1692408823
2886	950	1692408823
2892	440	1692408823
2894	170000	1692408823
2897	420	1692408823
2908	420	1692408823
2925	420	1692408823
2928	3700	1692408823
2930	770	1692408823
2939	400000000	1692408823
2940	6400	1692408823
2942	100	1692408823
2943	150	1692408823
2947	500	1692408823
2949	670	1692408823
2953	420	1692408823
2954	280	1692408823
2956	100	1692408823
2967	190	1692408823
2968	1000	1692408823
2978	1300	1692408823
2979	520	1692408823
2982	220	1692408823
2993	120	1692408823
2994	1400	1692408823
2996	370	1692408823
2997	310	1692408823
3016	50000	1692408823
3019	110	1692408823
3025	15000	1692408823
3026	15000	1692408823
3027	16000	1692408823
3028	15000	1692408823
3030	650	1692408823
3034	16000	1692408823
3038	37000	1692408823
3041	3500	1692408823
3045	6000	1692408823
3046	4100	1692408823
3047	150000	1692408823
3048	6800	1692408823
3049	23000	1692408823
3057	8900	1692408823
3067	980000	1692408823
3080	15000	1692408823
3097	7600	1692408823
3100	2000	1692408823
3118	100	1692408823
3119	100	1692408823
3120	100	1692408823
3121	15000	1692408823
3122	250	1692408823
3123	110	1692408823
3124	680	1692408823
3125	800	1692408823
3128	100	1692408823
3129	690	1692408823
3131	30000	1692408823
3135	300	1692408823
3137	6000	1692408823
3142	1100	1692408823
3149	13000	1692408823
3156	420000	1692408823
3170	200000	1692408823
3171	500000	1692408823
3172	50000	1692408823
3221	7400	1692408823
3222	8100	1692408823
3223	890	1692408823
3224	4400	1692408823
3225	2700	1692408823
3226	3900	1692408823
3227	14000	1692408823
3228	30000	1692408823
3229	700	1692408823
3230	2300	1692408823
3244	170000	1692408823
3290	5200	1692408823
3316	100	1692408823
3323	150000	1692408823
3324	130000	1692408823
3325	72000	1692408823
3326	40000	1692408823
3327	71000	1692408823
3344	590	1692408823
3353	2000	1692408823
3358	210	1692408823
3368	8800	1692408823
3372	15000	1692408823
3375	4500000	1692408823
3377	3300000	1692408823
3378	2500000	1692408823
3379	1100000	1692408823
3398	24000	1692408823
3400	25000	1692408823
3401	31000	1692408823
3402	20000	1692408823
3422	1500	1692408823
3423	150	1692408823
3424	670	1692408823
3425	830	1692408823
3426	990	1692408823
3428	150	1692408823
3433	400000	1692408823
3440	180	1692408823
3441	15000	1692408823
3447	16000	1692408823
3449	140	1692408823
3451	100	1692408823
3452	100	1692408823
3453	100	1692408823
3454	170	1692408823
3455	230	1692408823
3463	1400	1692408823
3464	2200	1692408823
3474	990	1692408823
3475	1000	1692408823
3476	150	1692408823
3477	230	1692408823
3478	150	1692408823
3488	12000	1692408823
3489	1000	1692408823
3490	1000	1692408823
3491	1000	1692408823
3495	250	1692408823
3497	3000	1692408823
3509	740	1692408823
3510	100	1692408823
3511	7300	1692408823
3520	300	1692408823
3522	36000	1692408823
3523	8000	1692408823
3524	1000	1692408823
3525	1000	1692408823
3527	37000000	1692408823
3530	45000000	1692408823
3542	620000	1692408823
3543	450000	1692408823
3544	480000	1692408823
3545	390000	1692408823
3546	470000	1692408823
3547	480000	1692408823
3548	580000	1692408823
3553	1000	1692408823
3555	700	1692408823
3558	1900	1692408823
3559	2300	1692408823
3560	2300	1692408823
3561	3200	1692408823
3562	3600	1692408823
3563	4200	1692408823
3564	3500	1692408823
3567	20000	1692408823
3568	37000	1692408823
3569	32000	1692408823
3570	25000	1692408823
3571	6700	1692408823
3572	17000	1692408823
3575	200	1692408823
3576	290000	1692408823
3582	9500	1692408823
3584	650	1692408823
3591	600	1692408823
3594	4400	1692408823
3595	590	1692408823
3598	70000	1692408823
3602	2900	1692408823
3603	2400	1692408823
3604	3200	1692408823
3606	25000	1692408823
3611	400	1692408823
3613	55000	1692408823
3617	6500	1692408823
3631	1000	1692408823
3639	2700	1692408823
3640	500	1692408823
3641	360	1692408823
3644	50000	1692408823
3648	500000	1692408823
3650	280	1692408823
3652	850	1692408823
3675	6900	1692408823
3676	400	1692408823
3678	100	1692408823
3681	24000	1692408823
3682	6600	1692408823
3684	20000	1692408823
3685	8800	1692408823
3686	9500	1692408823
3687	140	1692408823
3689	12000	1692408823
3690	19000	1692408823
3691	150	1692408823
3693	8800	1692408823
3702	9000	1692408823
3712	11000	1692408823
3715	8000	1692408823
3726	11000	1692408823
3727	350	1692408823
3728	600	1692408823
3729	1400	1692408823
3731	15000	1692408823
3732	130	1692408823
3734	15000	1692408823
3735	100	1692408823
3738	1700	1692408823
3740	690	1692408823
3742	2300	1692408823
3744	12000	1692408823
3746	210	1692408823
3749	130	1692408823
3754	100	1692408823
3755	100	1692408823
3756	600	1692408823
3757	2900	1692408823
3758	260	1692408823
3759	100	1692408823
3760	870	1692408823
3766	1300	1692408823
3768	4500	1692408823
3770	6000	1692408823
3772	190	1692408823
3777	7000	1692408823
3778	3200	1692408823
3779	170	1692408823
3780	4400	1692408823
3781	10000	1692408823
3782	8000	1692408823
3805	450	1692408823
3806	1000	1692408823
3807	470	1692408823
3809	1100	1692408823
3815	25000	1692408823
3818	8000	1692408823
3819	2500	1692408823
3821	670	1692408823
3833	300	1692408823
3834	400	1692408823
3845	100	1692408823
3855	420	1692408823
3856	290	1692408823
3857	350	1692408823
3914	100	1692408823
3916	330	1692408823
3917	300	1692408823
3923	190	1692408823
3925	2000	1692408823
3928	2500	1692408823
3929	76000	1692408823
3946	120000000	1692408823
3974	490	1692408823
3979	100	1692408823
3982	3100	1692408823
3983	100	1692408823
3997	540	1692408823
4001	5700	1692408823
4003	900	1692408823
4039	2200	1692408823
4052	160	1692408823
4083	260	1692408823
4089	850	1692408823
4093	27000	1692408823
4098	18000	1692408823
4100	91000	1692408823
4101	160000	1692408823
4103	390000	1692408823
4122	1900	1692408823
4125	29000	1692408823
4146	9000	1692408823
4150	100	1692408823
4151	2900	1692408823
4154	66000	1692408823
4157	330000	1692408823
4158	1900000	1692408823
4164	660	1692408823
4169	17000	1692408823
4176	1000	1692408823
4196	11000	1692408823
4197	190	1692408823
4198	7400	1692408823
4199	14000	1692408823
4201	7800	1692408823
4204	4400	1692408823
4205	34000	1692408823
4218	870	1692408823
4240	100	1692408823
4243	100	1692408823
4244	3300	1692408823
4247	220	1692408823
4254	100	1692408823
4256	900	1692408823
4259	600	1692408823
4260	5000	1692408823
4273	150	1692408823
4329	680	1692408823
4333	98000	1692408823
4334	99000	1692408823
4340	100	1692408823
4341	100	1692408823
4342	100	1692408823
4345	1300000	1692408823
4393	100	1692408823
4394	660	1692408823
4395	100	1692408823
4407	100000	1692408823
4408	170000	1692408823
4409	15000	1692408823
4410	870000	1692408823
4411	1800000	1692408823
4412	40000	1692408823
4413	40000	1692408823
4414	67000	1692408823
4432	7500	1692408823
4433	3300	1692408823
4442	360	1692408823
4444	150	1692408823
4457	290	1692408823
4461	970	1692408823
4462	10000	1692408823
4463	5300	1692408823
4464	6500	1692408823
4465	8000	1692408823
4466	5400	1692408823
4467	6400	1692408823
4469	120	1692408823
4470	2200	1692408823
4471	860	1692408823
4497	10000	1692408823
4498	150	1692408823
4499	150	1692408823
4500	10000	1692408823
4501	150	1692408823
4502	150	1692408823
4503	2900	1692408823
4505	2800	1692408823
4508	300	1692408823
4518	170	1692408823
4522	100	1692408823
4525	300	1692408823
4528	100	1692408823
4535	6000	1692408823
4559	260000	1692408823
4575	540	1692408823
4579	5900	1692408823
4585	1300	1692408823
4586	490	1692408823
4594	100	1692408823
4597	450000	1692408823
4599	700000	1692408823
4609	5000	1692408823
4612	2200000	1692408823
4621	10000	1692408823
4622	910	1692408823
4623	780	1692408823
4653	6900	1692408823
4656	1600	1692408823
4659	1000	1692408823
4661	1400	1692408823
4679	900	1692408823
4681	2000000	1692408823
4682	1700000	1692408823
4683	1700000	1692408823
4688	940	1692408823
4691	370	1692408823
4692	400	1692408823
4693	2600	1692408823
4694	99000	1692408823
4698	1700	1692408823
4699	2000	1692408823
4700	240	1692408823
4704	11000	1692408823
4713	570	1692408823
4714	100	1692408823
4724	1000	1692408823
4736	2400	1692408823
4738	100	1692408823
4739	100	1692408823
4740	100	1692408823
4741	800	1692408823
4743	100	1692408823
4744	7600	1692408823
4745	840	1692408823
4758	170	1692408823
4759	320000000	1692408823
4761	9000	1692408823
4762	22000	1692408823
4763	9000	1692408823
4764	3000	1692408823
4771	4500	1692408823
4811	200	1692408823
4819	12000	1692408823
4837	290	1692408823
4840	900	1692408823
4841	160000	1692408823
4843	130000	1692408823
4853	2300	1692408823
4856	5000	1692408823
4857	21000	1692408823
4859	1800000	1692408823
4860	1200000	1692408823
4861	5000000	1692408823
4864	35000	1692408823
4883	6100	1692408823
4884	7800	1692408823
4908	390000000	1692408823
4939	34000	1692408823
4948	2000	1692408823
4949	300	1692408823
4950	100	1692408823
4952	2500	1692408823
4953	1900	1692408823
4954	100	1692408823
4960	120	1692408823
4965	570000000	1692408823
4966	3600	1692408823
4969	200	1692408823
4970	250	1692408823
4971	500	1692408823
4973	100	1692408823
4974	500	1692408823
4979	1200	1692408823
4986	12000	1692408823
4988	14000	1692408823
4990	20000	1692408823
4993	5000	1692408823
4994	9500	1692408823
5012	380	1692408823
5014	150	1692408823
5019	100	1692408823
5020	100	1692408823
5027	480000	1692408823
5048	130	1692408823
5057	790000	1692408823
5065	500	1692408823
5066	150000	1692408823
5067	520	1692408823
5068	2900	1692408823
5073	100	1692408823
5078	500	1692408823
5082	2500	1692408823
5087	800	1692408823
5092	900	1692408823
5093	1300	1692408823
5094	4000	1692408823
5095	1000	1692408823
5096	800	1692408823
5097	100	1692408823
5098	1700	1692408823
5102	4100	1692408823
5103	200	1692408823
5104	69000	1692408823
5109	2000	1692408823
5110	60000	1692408823
5112	110000000	1692408823
5115	4000	1692408823
5131	370000	1692408823
5133	100	1692408823
5134	420	1692408823
5144	9000	1692408823
5157	1500	1692408823
5170	6700	1692408823
5173	300	1692408823
5188	100	1692408823
5189	680	1692408823
5191	1500	1692408823
5198	5600	1692408823
5199	9900	1692408823
5201	5800	1692408823
5202	5700	1692408823
5205	6000	1692408823
5207	5700	1692408823
5208	6100	1692408823
5209	5800	1692408823
5211	6300	1692408823
5216	5300	1692408823
5218	5700	1692408823
5223	380000000	1692408823
5225	14000	1692408823
5226	35000	1692408823
5227	3500	1692408823
5229	8500	1692408823
5231	15000	1692408823
5232	100	1692408823
5233	7000	1692408823
5237	3300	1692408823
5240	22000	1692408823
5242	700	1692408823
5249	1100	1692408823
5255	700	1692408823
5256	26000	1692408823
5257	27000	1692408823
5258	12000	1692408823
5260	8400	1692408823
5261	10000	1692408823
5262	6900	1692408823
5267	8800	1692408823
5273	9000	1692408823
5274	14000	1692408823
5276	15000	1692408823
5280	9400	1692408823
5281	850	1692408823
5285	2300	1692408823
5286	300	1692408823
5287	400	1692408823
5290	100	1692408823
5291	100	1692408823
5292	300	1692408823
5293	100	1692408823
5300	8000	1692408823
5309	2000	1692408823
5311	190000	1692408823
5315	4000	1692408823
5318	4800	1692408823
5320	8000	1692408823
5324	14000	1692408823
5328	69000	1692408823
5334	10000	1692408823
5341	1500000	1692408823
5342	7000	1692408823
5345	800	1692408823
5346	500	1692408823
5370	500	1692408823
5379	4700	1692408823
5381	70000	1692408823
5382	160000	1692408823
5383	40000	1692408823
5384	20000	1692408823
5385	18000	1692408823
5393	3400	1692408823
5395	5800	1692408823
5396	5900	1692408823
5397	13000	1692408823
5399	60000	1692408823
5401	35000	1692408823
5405	55000	1692408823
5406	48000	1692408823
5407	5000	1692408823
5408	5000	1692408823
5411	5000	1692408823
5412	5000	1692408823
5413	150	1692408823
5414	680	1692408823
5415	840	1692408823
5435	1000	1692408823
5437	50000	1692408823
5444	1200	1692408823
5445	100	1692408823
5446	470	1692408823
5447	1000	1692408823
5454	100	1692408823
5456	100	1692408823
5458	1000000	1692408823
5459	23000	1692408823
5460	3200000	1692408823
5464	4800	1692408823
5465	100	1692408823
5466	100	1692408823
5467	100	1692408823
5468	100	1692408823
5469	100	1692408823
5470	5200	1692408823
5471	15000	1692408823
5472	2800	1692408823
5473	500	1692408823
5474	660	1692408823
5475	840	1692408823
5476	100	1692408823
5479	680	1692408823
5480	830	1692408823
5481	990	1692408823
5482	1500	1692408823
5483	1000	1692408823
5484	1000	1692408823
5489	5000	1692408823
5506	100	1692408823
5507	2500	1692408823
5508	65000	1692408823
5509	8600	1692408823
5511	100	1692408823
5512	100	1692408823
5513	100	1692408823
5514	100	1692408823
5519	100	1692408823
5523	100	1692408823
5526	750	1692408823
5528	100	1692408823
5533	13000	1692408823
5535	7000	1692408823
5537	5900	1692408823
5538	100	1692408823
5539	1100	1692408823
5555	650	1692408823
5568	100	1692408823
5569	100	1692408823
5570	100	1692408823
5573	980	1692408823
5575	5600	1692408823
5578	1400	1692408823
5595	18000	1692408823
5599	1100	1692408823
5611	2000	1692408823
5613	700	1692408823
5622	500	1692408823
5624	2800	1692408823
5631	1000	1692408823
5636	750	1692408823
5642	100	1692408823
5643	770	1692408823
5644	100	1692408823
5647	30000	1692408823
5649	75000	1692408823
5655	100	1692408823
5670	120	1692408823
5671	150	1692408823
5672	100	1692408823
5673	100	1692408823
5675	100	1692408823
5676	100	1692408823
5678	900	1692408823
5679	100	1692408823
5680	9900	1692408823
5696	120	1692408823
5699	27000	1692408823
5703	130	1692408823
5708	4900	1692408823
5723	4700	1692408823
5730	100	1692408823
5731	660	1692408823
5736	1000	1692408823
5737	10000	1692408823
5740	100	1692408823
5742	300	1692408823
5743	100	1692408823
5744	110	1692408823
5745	100	1692408823
5746	1400	1692408823
5747	430	1692408823
5748	4700	1692408823
5749	160	1692408823
5750	100	1692408823
5781	1700	1692408823
5788	12000	1692408823
5789	120	1692408823
5795	100	1692408823
5799	100	1692408823
5806	100	1692408823
5807	100	1692408823
5811	100	1692408823
5814	100	1692408823
5821	100	1692408823
5824	100	1692408823
5831	100	1692408823
5833	100	1692408823
5836	100	1692408823
5839	100	1692408823
5840	690	1692408823
5842	200	1692408823
5852	3400	1692408823
5858	100	1692408823
5863	5200	1692408823
5881	2400	1692408823
5882	4900	1692408823
5883	9600	1692408823
5887	3300	1692408823
5897	5200	1692408823
5898	82000	1692408823
5899	68000	1692408823
5900	79000	1692408823
5901	65000	1692408823
5902	22000	1692408823
5903	74000	1692408823
5905	100000	1692408823
5918	83000	1692408823
5935	770	1692408823
5938	13000	1692408823
5946	470	1692408823
5949	250	1692408823
5950	45000	1692408823
5962	19000	1692408823
5967	150000	1692408823
5971	3700000	1692408823
5973	1200000	1692408823
5975	1200000	1692408823
5978	670	1692408823
5980	1000	1692408823
5986	100	1692408823
5991	200	1692408823
5996	35000	1692408823
6000	540	1692408823
6012	190	1692408823
6014	100	1692408823
6015	130	1692408823
6016	140	1692408823
6017	110	1692408823
6018	350	1692408823
6019	100	1692408823
6025	1400	1692408823
6026	100	1692408823
6027	100	1692408823
6028	110	1692408823
6030	170	1692408823
6031	180	1692408823
6035	100	1692408823
6036	100	1692408823
6037	160	1692408823
6038	1400	1692408823
6042	450	1692408823
6043	770	1692408823
6044	8000	1692408823
6052	100	1692408823
6053	100	1692408823
6054	120	1692408823
6064	1000000	1692408823
6065	1000000	1692408823
6066	1000000	1692408823
6071	290000000	1692408823
6072	100	1692408823
6073	100	1692408823
6076	120	1692408823
6079	100	1692408823
6080	100	1692408823
6084	3000	1692408823
6085	300	1692408823
6107	3000	1692408823
6119	180	1692408823
6120	100	1692408823
6121	100	1692408823
6122	100	1692408823
6125	370	1692408823
6126	500	1692408823
6151	2900	1692408823
6152	2300	1692408823
6153	2900	1692408823
6154	100	1692408823
6169	2000	1692408823
6170	100	1692408823
6171	100	1692408823
6172	9400	1692408823
6174	1600	1692408823
6240	100	1692408823
6242	2900	1692408823
6244	100	1692408823
6246	100	1692408823
6249	5500	1692408823
6251	5800	1692408823
6252	420	1692408823
6254	230000	1692408823
6256	380000	1692408823
6257	500	1692408823
6266	250	1692408823
6268	350	1692408823
6269	150	1692408823
6270	130	1692408823
6273	660	1692408823
6274	400	1692408823
6275	970	1692408823
6276	200	1692408823
6277	160	1692408823
6279	2800	1692408823
6282	160	1692408823
6289	350	1692408823
6293	130	1692408823
6294	17000	1692408823
6301	25000	1692408823
6302	100	1692408823
6303	100	1692408823
6307	7500	1692408823
6308	5400	1692408823
6310	6200	1692408823
6311	6000000	1692408823
6317	8200	1692408823
6318	5000	1692408823
6319	2000	1692408823
6322	990	1692408823
6323	6600	1692408823
6324	37000	1692408823
6325	44000	1692408823
6327	70000	1692408823
6328	2200	1692408823
6343	3900	1692408823
6344	4000	1692408823
6345	2700	1692408823
6347	120	1692408823
6350	9000	1692408823
6352	21000	1692408823
6354	5200	1692408823
6355	5100	1692408823
6356	9500	1692408823
6361	11000	1692408823
6362	4600	1692408823
6363	14000	1692408823
6364	4000	1692408823
6365	100	1692408823
6366	100	1692408823
6367	100	1692408823
6368	9000	1692408823
6370	9900	1692408823
6372	1300	1692408823
6380	120	1692408823
6383	20000	1692408823
6384	7000	1692408823
6390	3700	1692408823
6392	64000	1692408823
6393	750	1692408823
6399	4000	1692408823
6400	1000	1692408823
6401	290	1692408823
6403	100	1692408823
6404	670	1692408823
6405	9900	1692408823
6406	5900	1692408823
6410	27000	1692408823
6415	100	1692408823
6417	1800	1692408823
6419	100	1692408823
6420	100	1692408823
6421	400	1692408823
6422	100	1692408823
6424	58000	1692408823
6435	330	1692408823
6439	100	1692408823
6468	34000	1692408823
6475	150000	1692408823
6483	800000	1692408823
6484	100000	1692408823
6485	2500000	1692408823
6486	47000	1692408823
6487	110000	1692408823
6489	4000000	1692408823
6500	1700000	1692408823
6513	170000	1692408823
6514	58000	1692408823
6517	50000	1692408823
6520	74000	1692408823
6525	300000	1692408823
6526	52000	1692408823
6530	190000	1692408823
6532	80000	1692408823
6535	60000	1692408823
6537	45000	1692408823
6538	170000	1692408823
6541	54000	1692408823
6564	120000	1692408823
6566	40000	1692408823
6570	80000	1692408823
6571	40000	1692408823
6572	84000	1692408823
6579	100	1692408823
6586	920	1692408823
6588	21000	1692408823
6591	180000	1692408823
6593	9000000	1692408823
6594	3300	1692408823
6595	420000	1692408823
6614	2000000	1692408823
6624	500	1692408823
6635	850	1692408823
6658	100	1692408823
6659	100	1692408823
6679	350	1692408823
6680	400	1692408823
6681	450	1692408823
6682	500	1692408823
6683	160	1692408823
6684	330	1692408823
6685	600	1692408823
6686	320	1692408823
6687	280	1692408823
6688	340	1692408823
6696	420	1692408823
6707	220	1692408823
6708	200	1692408823
6711	2000	1692408823
6712	100	1692408823
6713	160	1692408823
6718	500	1692408823
6719	780	1692408823
6720	160	1692408823
6721	1000	1692408823
6722	170	1692408823
6723	320	1692408823
6730	1900	1692408823
6737	1000	1692408823
6738	420	1692408823
6748	120000	1692408823
6752	1000	1692408823
6753	1200	1692408823
6755	27000	1692408823
6757	9000	1692408823
6758	9100	1692408823
6759	9000	1692408823
6761	8000	1692408823
6764	65000	1692408823
6766	12000	1692408823
6769	43000	1692408823
6774	23000	1692408823
6777	9500	1692408823
6788	8700000	1692408823
6793	100	1692408823
6798	240000	1692408823
6809	2100	1692408823
6810	100	1692408823
6811	100	1692408823
6822	1500	1692408823
6823	500	1692408823
6825	12000	1692408823
6828	21000	1692408823
6831	1000	1692408823
6832	100	1692408823
6833	150	1692408823
6834	670	1692408823
6835	840	1692408823
6836	990	1692408823
6837	1500	1692408823
6838	190	1692408823
6839	180	1692408823
6840	1100	1692408823
6841	1000	1692408823
6842	48000	1692408823
6844	100	1692408823
6845	100	1692408823
6847	190	1692408823
6848	100	1692408823
6849	100	1692408823
6851	94000	1692408823
6852	5800000	1692408823
6861	130	1692408823
6864	300	1692408823
6865	550	1692408823
6866	800	1692408823
6867	3200	1692408823
6868	200	1692408823
6869	100	1692408823
6870	100	1692408823
6871	100	1692408823
6873	880	1692408823
6875	820	1692408823
6877	89000	1692408823
6878	51000	1692408823
6879	24000	1692408823
6880	47000	1692408823
6886	120000	1692408823
6893	23000	1692408823
6896	23000	1692408823
6897	110000	1692408823
6911	82000	1692408823
6913	100	1692408823
6959	50000	1692408823
6966	560000	1692408823
6967	480000	1692408823
6969	190000	1692408823
6974	500	1692408823
6978	100	1692408823
7004	10000	1692408823
7005	7200	1692408823
7006	9800	1692408823
7009	3500	1692408823
7012	3900	1692408823
7013	8000	1692408823
7014	13000	1692408823
7016	12000	1692408823
7020	9000	1692408823
7021	10000	1692408823
7022	7500	1692408823
7023	9000	1692408823
7025	12000	1692408823
7028	5000	1692408823
7029	9000	1692408823
7030	100	1692408823
7032	100	1692408823
7033	100	1692408823
7034	360000	1692408823
7042	200000	1692408823
7045	15000	1692408823
7050	180000	1692408823
7051	5100	1692408823
7055	100	1692408823
7057	71000	1692408823
7058	100	1692408823
7061	20000	1692408823
7065	5800	1692408823
7071	4400	1692408823
7072	8400	1692408823
7073	180000	1692408823
7074	5000	1692408823
7077	9000	1692408823
7078	13000	1692408823
7081	67000	1692408823
7089	30000	1692408823
7092	1100000	1692408823
7093	500000	1692408823
7094	900000	1692408823
7095	690	1692408823
7096	3000	1692408823
7097	4000	1692408823
7100	30000	1692408823
7101	1900	1692408823
7105	15000	1692408823
7108	4800	1692408823
7111	1200	1692408823
7114	10000	1692408823
7115	9000	1692408823
7118	3500	1692408823
7119	2800	1692408823
7132	15000	1692408823
7133	690000	1692408823
7141	130000	1692408823
7145	2000	1692408823
7166	9400	1692408823
7167	25000	1692408823
7168	20000	1692408823
7170	28000	1692408823
7177	4200	1692408823
7196	110	1692408823
7198	250	1692408823
7202	100	1692408823
7203	1100	1692408823
7204	2900	1692408823
7205	690	1692408823
7207	600	1692408823
7210	1900	1692408823
7211	100	1692408823
7213	500	1692408823
7215	130	1692408823
7216	120	1692408823
7217	5700	1692408823
7218	200	1692408823
7219	1000	1692408823
7220	100	1692408823
7222	100	1692408823
7223	100	1692408823
7225	100	1692408823
7227	150	1692408823
7229	100	1692408823
7230	100	1692408823
7232	100	1692408823
7233	100	1692408823
7235	100	1692408823
7238	100	1692408823
7244	100	1692408823
7246	3600	1692408823
7248	870	1692408823
7255	100	1692408823
7259	300	1692408823
7266	1900	1692408823
7277	500	1692408823
7279	700	1692408823
7280	140	1692408823
7281	100	1692408823
7282	100	1692408823
7283	100	1692408823
7290	160	1692408823
7291	3200000	1692408823
7297	100	1692408823
7308	100	1692408823
7309	440	1692408823
7310	100	1692408823
7311	150	1692408823
7320	2600	1692408823
7323	250	1692408823
7325	1700	1692408823
7328	400	1692408823
7331	550	1692408823
7332	200	1692408823
7333	100	1692408823
7336	150	1692408823
7337	170	1692408823
7338	5400	1692408823
7339	650	1692408823
7341	370	1692408823
7342	990	1692408823
7343	260	1692408823
7349	190	1692408823
7352	800	1692408823
7356	170	1692408823
7357	150	1692408823
7358	800	1692408823
7359	500	1692408823
7360	1000	1692408823
7361	6900	1692408823
7363	190	1692408823
7366	160	1692408823
7367	820	1692408823
7368	260	1692408823
7369	1200	1692408823
7370	220	1692408823
7371	360	1692408823
7372	1200	1692408823
7373	300	1692408823
7374	320	1692408823
7375	680	1692408823
7376	1400	1692408823
7377	5000	1692408823
7384	6000	1692408823
7385	2900	1692408823
7386	33000	1692408823
7388	87000	1692408823
7394	22000	1692408823
7399	10000	1692408823
7403	14000	1692408823
7404	30000	1692408823
7410	100	1692408823
7411	100	1692408823
7415	100	1692408823
7416	100	1692408823
7417	100	1692408823
7419	100	1692408823
7430	4200	1692408823
7431	810	1692408823
7432	200	1692408823
7433	7400	1692408823
7434	9700	1692408823
7435	2400	1692408823
7436	18000	1692408823
7437	9000	1692408823
7438	5000	1692408823
7439	5800	1692408823
7442	18000	1692408823
7443	11000	1692408823
7444	30000	1692408823
7446	30000	1692408823
7449	35000	1692408823
7454	970	1692408823
7458	2200000	1692408823
7467	360000	1692408823
7468	2000	1692408823
7471	300	1692408823
7472	300	1692408823
7473	2100	1692408823
7474	3000	1692408823
7476	62000	1692408823
7477	13000	1692408823
7478	15000	1692408823
7481	170000	1692408823
7496	23000000	1692408823
7499	680	1692408823
7501	600	1692408823
7502	650	1692408823
7505	45000	1692408823
7506	320	1692408823
7507	290	1692408823
7508	5000	1692408823
7509	100	1692408823
7510	110	1692408823
7512	110	1692408823
7513	1600	1692408823
7519	11000	1692408823
7521	6500	1692408823
7523	10000	1692408823
7529	17000	1692408823
7532	18000	1692408823
7548	6700	1692408823
7550	2500	1692408823
7551	2800	1692408823
7552	6400	1692408823
7553	610	1692408823
7554	600	1692408823
7557	340	1692408823
7558	920	1692408823
7559	100	1692408823
7561	100	1692408823
7563	340	1692408823
7564	100	1692408823
7570	7200	1692408823
7575	7900	1692408823
7576	2200	1692408823
7577	670	1692408823
7578	140	1692408823
7581	4500000	1692408823
7600	100	1692408823
7601	100	1692408823
7602	100	1692408823
7603	100	1692408823
7604	100	1692408823
7605	100	1692408823
7606	100	1692408823
7617	100	1692408823
7618	100	1692408823
7620	100	1692408823
7624	100	1692408823
7632	100	1692408823
7638	200	1692408823
7650	100	1692408823
7651	100	1692408823
7664	3800	1692408823
7666	20000	1692408823
7673	990	1692408823
7677	6800	1692408823
7678	15000	1692408823
7681	3200	1692408823
7683	13000	1692408823
7685	1500000	1692408823
7687	14000	1692408823
7692	190	1692408823
7693	100	1692408823
7696	300	1692408823
7697	500	1692408823
7699	220	1692408823
7700	1900	1692408823
7701	120	1692408823
7702	860	1692408823
7703	100	1692408823
7704	100	1692408823
7707	8500	1692408823
7711	100	1692408823
7713	1300	1692408823
7715	100	1692408823
7717	8400	1692408823
7718	15000	1692408823
7719	1000	1692408823
7720	10000	1692408823
7721	15000	1692408823
7722	22000	1692408823
7724	19000	1692408823
7725	3900	1692408823
7726	2500	1692408823
7727	950	1692408823
7731	24000	1692408823
7733	470	1692408823
7734	470	1692408823
7735	2000	1692408823
7736	570	1692408823
7737	100	1692408823
7738	300	1692408823
7741	5000	1692408823
7742	38000	1692408823
7743	200000	1692408823
7744	90000	1692408823
7745	320000	1692408823
7746	69000	1692408823
7747	81000	1692408823
7748	71000	1692408823
7759	7900	1692408823
7768	400000	1692408823
7771	140	1692408823
7772	110	1692408823
7773	4200	1692408823
7774	980	1692408823
7775	850000	1692408823
7776	6000000	1692408823
7777	6000	1692408823
7779	9400	1692408823
7781	8900	1692408823
7783	1700	1692408823
7785	1200	1692408823
7788	2400	1692408823
7790	220000	1692408823
7791	26000	1692408823
7795	18000	1692408823
7797	740	1692408823
7803	1900000	1692408823
7809	3000	1692408823
7810	18000	1692408823
7812	4500	1692408823
7822	400000	1692408823
7823	12000	1692408823
7828	50000	1692408823
7829	16000000	1692408823
7830	2800	1692408823
7841	100	1692408823
7842	2400	1692408823
7843	2400	1692408823
7854	100000	1692408823
7857	2000	1692408823
7858	700	1692408823
7859	1000	1692408823
7860	650	1692408823
7863	100	1692408823
7866	500	1692408823
7867	500	1692408823
7868	100	1692408823
7876	750	1692408823
7878	500	1692408823
7885	540	1692408823
7888	100	1692408823
7889	20000	1692408823
7895	100	1692408823
7898	1000	1692408823
7902	3000	1692408823
7914	680	1692408823
7915	800	1692408823
7917	1500	1692408823
7918	220	1692408823
7919	680	1692408823
7922	4700	1692408823
7923	24000	1692408823
7924	10000	1692408823
7926	2900	1692408823
7941	6600	1692408823
7943	200	1692408823
7946	400	1692408823
7947	1700	1692408823
7948	900	1692408823
7951	660	1692408823
7953	15000	1692408823
7968	250	1692408823
7971	100	1692408823
8016	210000	1692408823
8021	470	1692408823
8063	7000	1692408823
8066	6000	1692408823
8067	200	1692408823
8073	88000	1692408823
8077	390000	1692408823
8088	100	1692408823
8138	100	1692408823
8140	150	1692408823
8141	200	1692408823
8142	250	1692408823
8143	300	1692408823
8146	970	1692408823
8149	680	1692408823
8150	850	1692408823
8151	4400	1692408823
8153	8500	1692408823
8154	1000	1692408823
8161	100	1692408823
8162	100	1692408823
8167	100	1692408823
8168	200	1692408823
8169	100	1692408823
8170	100	1692408823
8171	100	1692408823
8183	120	1692408823
8191	200	1692408823
8193	100	1692408823
8194	100	1692408823
8196	100	1692408823
8198	1000	1692408823
8200	2000	1692408823
8202	300	1692408823
8204	110000	1692408823
8207	300	1692408823
8208	100	1692408823
8209	150	1692408823
8210	100	1692408823
8211	100	1692408823
8212	100	1692408823
8214	1400	1692408823
8216	800	1692408823
8218	770	1692408823
8226	290	1692408823
8228	980	1692408823
8229	4000000	1692408823
8230	3700	1692408823
8238	90000	1692408823
8253	270000	1692408823
8254	210000	1692408823
8255	210000	1692408823
8256	330000	1692408823
8257	1500	1692408823
8260	470000000	1692408823
8278	470	1692408823
8279	2600	1692408823
8282	230	1692408823
8284	450	1692408823
8298	290	1692408823
8300	7400	1692408823
8301	16000	1692408823
8306	100	1692408823
8307	100	1692408823
8308	100	1692408823
8311	100	1692408823
8314	100	1692408823
8315	410	1692408823
8316	850	1692408823
8322	1000	1692408823
8323	100	1692408823
8324	100	1692408823
8326	100	1692408823
8331	100	1692408823
8332	100	1692408823
8333	100	1692408823
8334	100	1692408823
8339	100	1692408823
8340	5000	1692408823
8343	160	1692408823
8355	100	1692408823
8357	100	1692408823
8360	3100	1692408823
8365	2000	1692408823
8366	100	1692408823
8371	100	1692408823
8373	100	1692408823
8378	1000	1692408823
8384	280	1692408823
8388	3000	1692408823
8390	100	1692408823
8391	25000	1692408823
8392	10000	1692408823
8394	350	1692408823
8406	1700	1692408823
8407	100	1692408823
8408	100	1692408823
8409	120	1692408823
8410	970	1692408823
8411	900	1692408823
8412	100	1692408823
8413	100	1692408823
8416	1000	1692408823
8417	100	1692408823
8419	990	1692408823
8420	870	1692408823
8423	5900	1692408823
8424	39000	1692408823
8425	140	1692408823
8427	1900	1692408823
8431	100	1692408823
8444	4300	1692408823
8446	12000	1692408823
8447	89000	1692408823
8449	88000	1692408823
8453	1900	1692408823
8454	220000	1692408823
8455	3400	1692408823
8457	100	1692408823
8458	700	1692408823
8462	290	1692408823
8470	3200	1692408823
8471	260	1692408823
8472	2000	1692408823
8473	240	1692408823
8474	180	1692408823
8475	1000	1692408823
8482	1000000	1692408823
8486	260000	1692408823
8487	990000000	1692408823
8489	200	1692408823
8516	18000	1692408823
8522	79000	1692408823
8524	4700	1692408823
8526	100	1692408823
8529	4000	1692408823
8530	480	1692408823
8534	5000	1692408823
8536	1000	1692408823
8537	1500	1692408823
8542	2200	1692408823
8544	900	1692408823
8545	170000	1692408823
8547	650	1692408823
8548	18000	1692408823
8550	100	1692408823
8551	750	1692408823
8552	6200	1692408823
8553	34000	1692408823
8554	36000	1692408823
8562	3800	1692408823
8578	100	1692408823
8579	100	1692408823
8580	100	1692408823
8581	100	1692408823
8582	3600	1692408823
8583	19000	1692408823
8586	200	1692408823
8587	400	1692408823
8588	1000	1692408823
8589	90000	1692408823
8590	55000	1692408823
8591	69000	1692408823
8592	37000	1692408823
8601	29000	1692408823
8603	4000	1692408823
8605	7200	1692408823
8606	18000	1692408823
8609	3700	1692408823
8611	38000	1692408823
8613	11000	1692408823
8614	940	1692408823
8615	640	1692408823
8617	400	1692408823
8618	1100	1692408823
8619	14000	1692408823
8621	1900	1692408823
8622	9500	1692408823
8623	11000	1692408823
8624	5500	1692408823
8625	29000	1692408823
8626	69000	1692408823
8627	1000	1692408823
8628	1900	1692408823
8629	4500	1692408823
8630	13000	1692408823
8631	76000	1692408823
8632	1100	1692408823
8633	87000	1692408823
8634	80000	1692408823
8635	100	1692408823
8636	3800	1692408823
8637	8500	1692408823
8640	1600	1692408823
8641	2100	1692408823
8642	7300	1692408823
8643	3800	1692408823
8645	2700	1692408823
8646	3000	1692408823
8647	100	1692408823
8650	13000	1692408823
8655	100	1692408823
8659	120	1692408823
8663	5000	1692408823
8665	100	1692408823
8666	320000	1692408823
8675	110000	1692408823
8676	19000	1692408823
8678	20000	1692408823
8682	650000	1692408823
8686	3000	1692408823
8687	1500000	1692408823
8688	400	1692408823
8689	100	1692408823
8690	380	1692408823
8691	42000	1692408823
8692	120	1692408823
8693	950	1692408823
8696	980	1692408823
8697	6800	1692408823
8698	5000	1692408823
8702	650000	1692408823
8703	900000	1692408823
8704	45000	1692408823
8706	990000000	1692408823
8708	680	1692408823
8709	1800	1692408823
8710	270	1692408823
8711	330	1692408823
8712	330	1692408823
8713	340	1692408823
8714	280	1692408823
8715	6900	1692408823
8716	6500	1692408823
8720	1000	1692408823
8721	100	1692408823
8722	760	1692408823
8725	620	1692408823
8726	11000	1692408823
8727	100	1692408823
8728	560	1692408823
8729	990	1692408823
8730	5000	1692408823
8731	100	1692408823
8733	3900	1692408823
8736	8000000	1692408823
8737	1500	1692408823
8738	120	1692408823
8739	120	1692408823
8740	3000	1692408823
8741	120	1692408823
8742	120	1692408823
8749	2700	1692408823
8763	230	1692408823
8772	1000	1692408823
8782	790000	1692408823
8816	870000	1692408823
8817	750000	1692408823
8818	1100000	1692408823
8819	950000	1692408823
8820	750000	1692408823
8821	820000	1692408823
8822	650000	1692408823
8823	540000	1692408823
8824	490000	1692408823
8825	30000	1692408823
8826	12000	1692408823
8828	3300	1692408823
8833	14000	1692408823
8841	100	1692408823
8843	690	1692408823
8844	100	1692408823
8845	100	1692408823
8848	100	1692408823
8851	900000	1692408823
8852	350	1692408823
8853	320	1692408823
8855	300	1692408823
8858	120000	1692408823
8871	100	1692408823
8885	890	1692408823
8899	100	1692408823
8904	2700	1692408823
8907	2400	1692408823
8909	100	1692408823
8911	7900	1692408823
8917	2300000	1692408823
8918	6900000	1692408823
8920	1000000	1692408823
8921	1000000	1692408823
8922	1000000	1692408823
8929	6000	1692408823
8941	4500	1692408823
8943	54000	1692408823
8971	1000	1692408823
8973	14000	1692408823
8976	4800	1692408823
8977	13000	1692408823
8978	2000	1692408823
8979	2600	1692408823
8980	32000	1692408823
8981	1600	1692408823
8982	300	1692408823
8983	350	1692408823
8990	39000000	1692408823
8991	1500000	1692408823
8993	4400	1692408823
8994	4500	1692408823
8995	2200	1692408823
9009	9900	1692408823
9017	100	1692408823
9020	3000	1692408823
9021	9100	1692408823
9022	23000	1692408823
9024	28000	1692408823
9032	10000000	1692408823
9034	100	1692408823
9035	2500	1692408823
9036	2200	1692408823
9038	100000	1692408823
9046	1000	1692408823
9047	1000	1692408823
9048	1000	1692408823
9049	1000	1692408823
9050	1000	1692408823
9051	100	1692408823
9052	100	1692408823
9053	2000	1692408823
9054	100	1692408823
9055	170	1692408823
9056	1400	1692408823
9057	100	1692408823
9058	100	1692408823
9059	100	1692408823
9060	100	1692408823
9061	480	1692408823
9062	190	1692408823
9063	500	1692408823
9064	100	1692408823
9065	100	1692408823
9066	100	1692408823
9075	4900	1692408823
9077	45000	1692408823
9078	500	1692408823
9081	890000000	1692408823
9083	100	1692408823
9085	100	1692408823
9115	9900	1692408823
9116	1100	1692408823
9119	40000	1692408823
9121	22000	1692408823
9128	25000	1692408823
9129	170	1692408823
9130	520	1692408823
9132	18000	1692408823
9135	97000	1692408823
9139	150	1692408823
9146	1000	1692408823
9147	3500	1692408823
9153	100	1692408823
9154	3500	1692408823
9156	100	1692408823
9158	100	1692408823
9159	100	1692408823
9161	100	1692408823
9164	18000	1692408823
9171	7500	1692408823
9173	8800	1692408823
9175	6900	1692408823
9178	9900	1692408823
9180	100	1692408823
9183	9000	1692408823
9184	1000	1692408823
9187	3600	1692408823
9190	200	1692408823
9191	35000	1692408823
9192	6000	1692408823
9197	980000	1692408823
9198	1900000	1692408823
9199	34000	1692408823
9204	96000	1692408823
9206	230000	1692408823
9207	45000	1692408823
9208	26000	1692408823
9212	30000	1692408823
9213	890	1692408823
9214	550000	1692408823
9215	490000	1692408823
9217	3500	1692408823
9218	100000	1692408823
9219	360	1692408823
9220	500	1692408823
9221	1000	1692408823
9223	65000	1692408823
9224	4600	1692408823
9225	2400000	1692408823
9226	110	1692408823
9227	1000	1692408823
9233	16000	1692408823
9237	1000	1692408823
9253	50000	1692408823
9258	1500000	1692408823
9260	110000	1692408823
9267	44000	1692408823
9269	130000	1692408823
9291	3600	1692408823
9292	13000	1692408823
9294	1900	1692408823
9295	30000	1692408823
9298	990	1692408823
9301	30000	1692408823
9307	1000	1692408823
9309	500	1692408823
9310	500	1692408823
9311	300	1692408823
9317	5600	1692408823
9318	5700	1692408823
9319	5700	1692408823
9332	94000	1692408823
9333	70000	1692408823
9337	65000	1692408823
9347	130	1692408823
9348	27000	1692408823
9349	1600	1692408823
9350	200	1692408823
9351	73000	1692408823
9352	10000	1692408823
9353	150	1692408823
9354	8500	1692408823
9355	28000	1692408823
9356	300	1692408823
9357	1300	1692408823
9358	20000	1692408823
9359	10000	1692408823
9360	22000	1692408823
9361	4800	1692408823
9362	24000	1692408823
9363	740	1692408823
9364	2900	1692408823
9368	100	1692408823
9369	65000	1692408823
9371	100	1692408823
9377	72000	1692408823
9383	1000	1692408823
9384	27000	1692408823
9386	360	1692408823
9387	68000	1692408823
9388	12000	1692408823
9389	320	1692408823
9390	9500	1692408823
9391	29000	1692408823
9392	3900	1692408823
9393	7800	1692408823
9396	25000	1692408823
9398	28000	1692408823
9399	1000	1692408823
9400	4000	1692408823
9415	1000	1692408823
9420	200	1692408823
9421	8300000	1692408823
9423	840	1692408823
9429	6500000	1692408823
9433	40000	1692408823
9448	6400	1692408823
9449	600	1692408823
9451	16000	1692408823
9459	4500000	1692408823
9460	4200000	1692408823
9461	4000000	1692408823
9465	170000	1692408823
9466	11000	1692408823
9467	10000	1692408823
9474	1900	1692408823
9479	150000	1692408823
9481	27000	1692408823
9484	60000	1692408823
9485	7300	1692408823
9486	25000	1692408823
9495	8000	1692408823
9496	11000	1692408823
9501	460	1692408823
9502	200	1692408823
9504	2200000	1692408823
9510	24000	1692408823
9513	5500	1692408823
9514	5200	1692408823
9515	2200	1692408823
9516	700	1692408823
9523	15000	1692408823
9530	43000	1692408823
9537	50000	1692408823
9539	290000	1692408823
9540	280000	1692408823
9546	75000	1692408823
9547	890	1692408823
9549	660	1692408823
9551	16000	1692408823
9552	11000	1692408823
9563	1700	1692408823
9564	100000	1692408823
9568	430000	1692408823
9569	18000000	1692408823
9576	39000	1692408823
9578	1700000	1692408823
9579	48000	1692408823
9596	5000000	1692408823
9598	5000000	1692408823
9627	9800000	1692408823
9632	500000	1692408823
9633	350000	1692408823
9634	300000	1692408823
9637	3900000	1692408823
9649	40000	1692408823
9683	2300	1692408823
9702	120	1692408823
9703	120	1692408823
9705	120	1692408823
9707	1000	1692408823
9713	300000	1692408823
9714	300000	1692408823
9715	340000	1692408823
9727	100	1692408823
9730	100	1692408823
9731	700	1692408823
9732	10000	1692408823
9734	1000	1692408823
9735	100	1692408823
9736	200	1692408823
9737	150	1692408823
9738	100	1692408823
9741	100	1692408823
9743	290	1692408823
9744	100	1692408823
9746	100	1692408823
9761	11000	1692408823
9783	10000000	1692408823
9807	20000	1692408823
9808	1100000	1692408823
9809	36000	1692408823
9810	3500	1692408823
9811	49000	1692408823
9812	22000000	1692408823
9813	100	1692408823
9814	20000	1692408823
9815	2000	1692408823
9816	4400	1692408823
9817	100	1692408823
9818	500	1692408823
9819	3500	1692408823
9820	100	1692408823
9827	7500	1692408823
9828	470	1692408823
9831	250	1692408823
9832	10000	1692408823
9833	14000	1692408823
9834	3000	1692408823
9835	89000000	1692408823
9836	200000	1692408823
9843	11000	1692408823
9860	7000000	1692408823
9861	2000000	1692408823
9878	120000	1692408823
9879	74000	1692408823
9880	180000	1692408823
9893	19000	1692408823
9898	1600	1692408823
9899	1700	1692408823
9900	1300	1692408823
9901	1000	1692408823
9902	500	1692408823
9908	280	1692408823
9922	100	1692408823
9923	200	1692408823
9924	4000	1692408823
9925	660	1692408823
9932	300	1692408823
9933	180	1692408823
9936	780	1692408823
9937	800	1692408823
9938	28000	1692408823
9943	120000	1692408823
9947	170	1692408823
9948	100	1692408823
9949	120	1692408823
9952	100	1692408823
9955	120	1692408823
9957	1500	1692408823
9958	100	1692408823
9959	120	1692408823
9960	120	1692408823
9962	100	1692408823
9963	100	1692408823
9964	120	1692408823
9965	120	1692408823
9966	39000	1692408823
9967	5200	1692408823
9968	110	1692408823
9970	120	1692408823
9973	2300	1692408823
9974	1600	1692408823
9975	100	1692408823
9979	6600	1692408823
9980	15000	1692408823
9988	97000000	1692408823
9991	16000	1692408823
10010	3500	1692408823
10011	3100	1692408823
10012	3000	1692408823
10014	900	1692408823
10015	2000	1692408823
10016	3400	1692408823
10017	1000	1692408823
10018	140	1692408823
10019	2600	1692408823
10038	6000	1692408823
10049	160000000	1692408823
10056	14000	1692408823
10061	100	1692408823
10068	500	1692408823
10069	220000	1692408823
10077	4000000	1692408823
10089	150	1692408823
10097	100	1692408823
10105	650	1692408823
10113	7200	1692408823
10129	100	1692408823
10137	100	1692408823
10145	7000	1692408823
10152	4000	1692408823
10153	680	1692408823
10155	700	1692408823
10159	90000	1692408823
10160	450	1692408823
10162	120	1692408823
10163	350	1692408823
10177	35000	1692408823
10188	470000	1692408823
10201	23000	1692408823
10202	25000	1692408823
10209	5400	1692408823
10214	450	1692408823
10215	49000	1692408823
10226	950000	1692408823
10238	8000	1692408823
10243	12000	1692408823
10257	200000000	1692408823
10259	300	1692408823
10260	39000	1692408823
10261	400000	1692408823
10262	3900000	1692408823
10264	3700000	1692408823
10266	100	1692408823
10267	100	1692408823
10269	100	1692408823
10270	100	1692408823
10271	200	1692408823
10272	100	1692408823
10273	100	1692408823
10277	500	1692408823
10278	500	1692408823
10279	500	1692408823
10281	11000	1692408823
10282	4700000	1692408823
10283	6000000	1692408823
10289	1500	1692408823
10293	100	1692408823
10321	4000	1692408823
10337	54000	1692408823
10338	690000	1692408823
10339	400000	1692408823
10350	31000	1692408823
10352	7800	1692408823
10359	16000	1692408823
10360	7100	1692408823
10361	700	1692408823
10364	37000	1692408823
10371	42000	1692408823
10382	25000	1692408823
10391	4100000	1692408823
10393	2700	1692408823
10397	100	1692408823
10414	400000	1692408823
10415	3400	1692408823
10417	1700	1692408823
10429	170	1692408823
10433	370000000	1692408823
10445	9000	1692408823
10446	9000	1692408823
10448	300000	1692408823
10488	300000	1692408823
10489	100	1692408823
10490	130000	1692408823
10498	7000	1692408823
10500	100	1692408823
10519	800000	1692408823
10528	1900000	1692408823
10542	9500	1692408823
10546	2900000	1692408823
10571	1500000	1692408823
10575	69000	1692408823
10580	150	1692408823
10583	100	1692408823
10606	20000	1692408823
10607	9300	1692408823
10609	9000	1692408823
10623	1500	1692408823
10624	850	1692408823
10625	4500	1692408823
10626	18000	1692408823
10627	6900	1692408823
10628	20000	1692408823
10629	1000	1692408823
10630	3000	1692408823
10631	4500	1692408823
10632	10000	1692408823
10633	10000	1692408823
10634	19000	1692408823
10644	180000000	1692408823
10656	4500	1692408823
10664	1600	1692408823
10715	390	1692408823
10723	5000	1692408823
10725	1500	1692408823
10726	7800	1692408823
10727	620	1692408823
10739	9800	1692408823
10740	21000	1692408823
10742	47000	1692408823
10743	58000	1692408823
10744	67000	1692408823
10747	7000	1692408823
10750	80000000	1692408823
10752	1700	1692408823
10753	8000	1692408823
10754	12000	1692408823
10755	6100	1692408823
10756	9900	1692408823
10774	100	1692408823
10776	12000	1692408823
10777	45000	1692408823
10778	100	1692408823
10784	100	1692408823
10785	500	1692408823
10786	100	1692408823
10787	240	1692408823
10788	900	1692408823
10798	2100000	1692408823
10801	73000000	1692408823
10809	69000	1692408823
10810	290000	1692408823
10811	65000	1692408823
10812	40000	1692408823
10813	85000	1692408823
10819	3000	1692408823
10821	7500	1692408823
10823	25000	1692408823
10824	3000	1692408823
10825	3900	1692408823
10826	2600	1692408823
10827	6400	1692408823
10828	1700	1692408823
10829	42000	1692408823
10830	38000	1692408823
10831	10000	1692408823
10835	9000	1692408823
10838	8200	1692408823
10839	250	1692408823
10840	100	1692408823
10845	500	1692408823
10852	5100	1692408823
10853	2200	1692408823
10862	4000	1692408823
10864	1200000	1692408823
10865	100	1692408823
10866	11000	1692408823
10867	1800000	1692408823
10868	100	1692408823
10869	15000	1692408823
10870	1700000	1692408823
10871	24000	1692408823
10872	14000	1692408823
10873	1000000	1692408823
10876	100	1692408823
10881	25000	1692408823
10892	100000000	1692408823
10896	3200	1692408823
10898	95000000	1692408823
10902	9100	1692408823
10908	1000	1692408823
10910	2600	1692408823
10912	910	1692408823
10913	450	1692408823
10914	2000	1692408823
10915	180	1692408823
10916	800	1692408823
10919	110000000	1692408823
10921	480	1692408823
10922	100	1692408823
10923	100	1692408823
10924	100	1692408823
10925	2000	1692408823
10926	1500	1692408823
10927	11000	1692408823
10930	660	1692408823
10931	82000000	1692408823
10951	83000000	1692408823
10955	100	1692408823
10956	100	1692408823
10959	120	1692408823
10960	6400	1692408823
10962	100	1692408823
10963	100	1692408823
10965	100000000	1692408823
10966	190000000	1692408823
10967	7200	1692408823
10968	100	1692408823
10969	3100	1692408823
10979	500	1692408823
10980	200	1692408823
10981	800	1692408823
10982	400	1692408823
10983	400	1692408823
10984	650	1692408823
10985	600	1692408823
10986	600	1692408823
10987	300	1692408823
10993	600	1692408823
10994	600	1692408823
10995	400	1692408823
10996	400	1692408823
10997	500	1692408823
10998	6000	1692408823
10999	200	1692408823
11002	100	1692408823
11004	1000000	1692408823
11005	100	1692408823
11007	120	1692408823
11010	100	1692408823
11013	100	1692408823
11014	100	1692408823
11015	100	1692408823
11027	370	1692408823
11037	15000	1692408823
11040	180000	1692408823
11042	290000	1692408823
11043	70000	1692408823
11052	1800	1692408823
11057	3000	1692408823
11059	990000	1692408823
11060	200	1692408823
11067	6600	1692408823
11072	1400	1692408823
11080	2000000	1692408823
11084	99000	1692408823
11085	74000	1692408823
11091	110	1692408823
11101	12000	1692408823
11103	9400	1692408823
11104	1100	1692408823
11106	10000	1692408823
11107	6000	1692408823
11112	500	1692408823
11115	65000000	1692408823
11118	120000	1692408823
11119	40000	1692408823
11120	170	1692408823
11122	180	1692408823
11124	100	1692408823
11125	100	1692408823
11126	5300	1692408823
11127	100	1692408823
11128	100	1692408823
11130	12000	1692408823
11132	270	1692408823
11133	100	1692408823
11134	5000	1692408823
11135	2200	1692408823
11136	100	1692408823
11137	720	1692408823
11138	240	1692408823
11139	4500	1692408823
11140	900	1692408823
11141	4000	1692408823
11142	3700	1692408823
11143	2100	1692408823
11144	1200	1692408823
11145	2900	1692408823
11146	4800	1692408823
11168	74000000	1692408823
11187	80000000	1692408823
11222	62000000	1692408823
11256	110000000	1692408823
11258	280	1692408823
11259	3500	1692408823
11260	1700	1692408823
11261	6000	1692408823
11262	4000	1692408823
11263	2800	1692408823
11264	4000	1692408823
11265	4000	1692408823
11266	630	1692408823
11267	900	1692408823
11268	3000	1692408823
11269	7400	1692408823
11270	5900	1692408823
11271	100	1692408823
11272	200	1692408823
11273	200	1692408823
11274	200	1692408823
11275	100	1692408823
11276	100	1692408823
11277	3600	1692408823
11278	1000	1692408823
11283	9500	1692408823
11284	980	1692408823
11287	50000	1692408823
11288	45000	1692408823
11289	45000	1692408823
11290	10000	1692408823
11291	7000	1692408823
11292	43000	1692408823
11293	20000	1692408823
11294	10000	1692408823
11295	45000	1692408823
11296	50000	1692408823
11297	50000	1692408823
11298	60000	1692408823
11299	23000	1692408823
11300	59000000	1692408823
11305	60000000	1692408823
11307	3400	1692408823
11308	900	1692408823
11309	8000	1692408823
11310	830	1692408823
11311	23000	1692408823
11312	13000	1692408823
11316	5400	1692408823
11317	41000	1692408823
11318	1200	1692408823
11320	490	1692408823
11322	8000000	1692408823
11328	69000	1692408823
11329	100000	1692408823
11330	20000	1692408823
11331	40000	1692408823
11332	28000	1692408823